00000000000000000000000000010011
00000000101001010000010100010011
00000000101001011000010110010011
00000000101101010000010001100011
00000000001000000000010100010011
00000000010001010000010100010011
00000000010100000000010110010011
00000000000100000000001010010011
00000000000000000000000000010011
00000000000000000000000000010011
00000000000000000000000000010011
00000000000000000000000000010011
00000000000000000000000000010011
00000000000000000000000000010011
00000000000000000000000000010011
00000000101000000010011000100011
00000000110000000010011010000011